1.000000000000000000e+02 3.600000000000000000e+02 -0.000000000000000000e+00
1.000000000000000000e+02 3.600000000000000000e+02 -0.000000000000000000e+00
1.000000000000000000e+02 3.600000000000000000e+02 -0.000000000000000000e+00
1.000000000000000000e+02 3.600000000000000000e+02 -0.000000000000000000e+00
1.000000000000000000e+02 3.600000000000000000e+02 -0.000000000000000000e+00
1.000000000000000000e+02 3.600000000000000000e+02 -0.000000000000000000e+00
1.000000000000000000e+02 3.600000000000000000e+02 -0.000000000000000000e+00
1.000000000000000000e+02 3.600000000000000000e+02 -0.000000000000000000e+00
1.000000000000000000e+02 3.600000000000000000e+02 -0.000000000000000000e+00
1.000000000000000000e+02 3.600000000000000000e+02 -0.000000000000000000e+00
1.000000000000000000e+02 3.600000000000000000e+02 -0.000000000000000000e+00
1.000000000000000000e+02 3.599900200000000154e+02 -0.000000000000000000e+00
1.000000000000000000e+02 3.595532868368861728e+02 -0.000000000000000000e+00
1.000000000000000000e+02 3.584892258859148910e+02 -0.000000000000000000e+00
1.000000000000000000e+02 3.568078044113210581e+02 -0.000000000000000000e+00
1.000000000000000000e+02 3.545188313129912103e+02 -0.000000000000000000e+00
1.000000000000000000e+02 3.516319596426270095e+02 -0.000000000000000000e+00
1.000000000000000000e+02 3.481566890799307998e+02 -0.000000000000000000e+00
1.000000000000000000e+02 3.441023683694486976e+02 -0.000000000000000000e+00
1.000000000000000000e+02 3.394781977186958102e+02 -0.000000000000000000e+00
1.000000000000000000e+02 3.342932311581786848e+02 -0.000000000000000000e+00
1.000000000000000000e+02 3.285563788639211111e+02 -0.000000000000000000e+00
1.001546366713420184e+02 3.222870830264045594e+02 1.008027066428905660e-02
1.008797018277031583e+02 3.155835558026020635e+02 4.977687727399313783e-02
1.023671383813110509e+02 3.085833018857930483e+02 1.169927112227372168e-01
1.044471058541698625e+02 3.011886401657679357e+02 1.858287739118794635e-01
1.069769756839214949e+02 2.933371461844457144e+02 2.441756345453596766e-01
1.099382852609832071e+02 2.850587196394593548e+02 2.925802274839525707e-01
1.133053164654678255e+02 2.763743329560222719e+02 3.319365927578624142e-01
1.169883351024175369e+02 2.672664479750559394e+02 3.587697660043365766e-01
1.203328300767117156e+02 2.575150992614125016e+02 3.408193032970018299e-01
1.228492182305869562e+02 2.471251495895703272e+02 2.800891104619074312e-01
1.243164141366302999e+02 2.361564317052482807e+02 1.940726596799721981e-01
1.255363603865572770e+02 2.245800002346406359e+02 1.434239102002450028e-01
1.274882766678472450e+02 2.125896712757612761e+02 1.576528345089920069e-01
1.306281410940404442e+02 2.004884341239245202e+02 2.215695839406023882e-01
1.352957839692906248e+02 1.885632644140577838e+02 3.219816679088661759e-01
1.415391477856080371e+02 1.769432775737608381e+02 4.343088894010925793e-01
1.487772395573367419e+02 1.652539640718213718e+02 5.149022226847064232e-01
1.555287312931077679e+02 1.552368202067124798e+02 5.630124099632405343e-01
1.591162961666132105e+02 1.501413788104487139e+02 5.817143406674303296e-01
1.615317971250782136e+02 1.467997379049570554e+02 5.933154027156152255e-01
1.644630776194951807e+02 1.432557841171434347e+02 6.218313262226208282e-01
1.680435363001411986e+02 1.396804651152622796e+02 6.734474128021070705e-01
1.723202147864597862e+02 1.362630205743238605e+02 7.480742113257682346e-01
1.773189952086291044e+02 1.332041889767996281e+02 8.446175910913831242e-01
1.828774171644424769e+02 1.304464492560401538e+02 9.419638092342025315e-01
1.886013519545339818e+02 1.279518295998143600e+02 1.022405751800753215e+00
1.944145114754907695e+02 1.257039707139718558e+02 1.088668465442055755e+00
2.002662977809784479e+02 1.236751225776730649e+02 1.143246250440083323e+00
2.061201912016089182e+02 1.218363030709919883e+02 1.188238243952020046e+00
2.119502860092124479e+02 1.201602510691430581e+02 1.225383203761770234e+00
2.177384138025085747e+02 1.186226900094491725e+02 1.256107905132023195e+00
2.234719454080502032e+02 1.172026689975127880e+02 1.281576938531074239e+00
2.291421826111143218e+02 1.158824423779895341e+02 1.302738381029886261e+00
2.347432086380942167e+02 1.146471470193432367e+02 1.320363348339911536e+00
2.402710763098323241e+02 1.134844150676167231e+02 1.335079171342100413e+00
2.457232375205946653e+02 1.123839906642973858e+02 1.347396710862309943e+00
2.510981424982798558e+02 1.113373812588596792e+02 1.357732600022193870e+00
2.563949576120150482e+02 1.103375542782114849e+02 1.366427241117581737e+00
