1.000000000000000000e+02 6.000000000000000000e+02 -1.047197551196597631e+00
1.000000000000000000e+02 6.000000000000000000e+02 -1.047197551196597631e+00
1.000000000000000000e+02 6.000000000000000000e+02 -1.047197551196597631e+00
1.000000000000000000e+02 6.000000000000000000e+02 -1.047197551196597631e+00
1.000000000000000000e+02 6.000000000000000000e+02 -1.047197551196597631e+00
1.000000000000000000e+02 6.000000000000000000e+02 -1.047197551196597631e+00
1.000000000000000000e+02 6.000000000000000000e+02 -1.047197551196597631e+00
1.000000000000000000e+02 6.000000000000000000e+02 -1.047197551196597631e+00
1.000000000000000000e+02 6.000000000000000000e+02 -1.047197551196597631e+00
1.000000000000000000e+02 6.000000000000000000e+02 -1.047197551196597631e+00
1.000000000000000000e+02 6.000000000000000000e+02 -1.047197551196597631e+00
1.000000000000000000e+02 6.000000000000000000e+02 -1.047197551196597631e+00
1.000000000000000000e+02 6.000000000000000000e+02 -1.047197551196597631e+00
1.000000000000000000e+02 6.000000000000000000e+02 -1.047197551196597631e+00
1.000000000000000000e+02 6.000000000000000000e+02 -1.047197551196597631e+00
1.000000000000000000e+02 6.000000000000000000e+02 -1.047197551196597631e+00
1.000000000000000000e+02 6.000000000000000000e+02 -1.047197551196597631e+00
1.000000000000000000e+02 6.000000000000000000e+02 -1.047197551196597631e+00
1.000000000000000000e+02 6.000000000000000000e+02 -1.047197551196597631e+00
1.000000000000000000e+02 6.000000000000000000e+02 -1.047197551196597631e+00
1.000000000000000000e+02 6.000000000000000000e+02 -1.047197551196597631e+00
1.000000000000000000e+02 6.000000000000000000e+02 -1.047197551196597631e+00
1.000000000000000000e+02 6.000000000000000000e+02 -1.047197551196597631e+00
1.000000000000000000e+02 6.000000000000000000e+02 -1.047197551196597631e+00
1.000000000000000000e+02 6.000000000000000000e+02 -1.047197551196597631e+00
1.000000000000000000e+02 6.000000000000000000e+02 -1.047197551196597631e+00
1.000000000000000000e+02 6.000000000000000000e+02 -1.047197551196597631e+00
1.000000000000000000e+02 6.000000000000000000e+02 -1.047197551196597631e+00
1.000000000000000000e+02 6.000000000000000000e+02 -1.047197551196597631e+00
1.000000000000000000e+02 6.000000000000000000e+02 -1.047197551196597631e+00
1.000000000000000000e+02 6.000000000000000000e+02 -1.047197551196597631e+00
1.000000000000000000e+02 6.000000000000000000e+02 -1.047197551196597631e+00
1.000000000000000000e+02 6.000000000000000000e+02 -1.047197551196597631e+00
1.000000000000000000e+02 6.000000000000000000e+02 -1.047197551196597631e+00
1.000000000000000000e+02 6.000000000000000000e+02 -1.047197551196597631e+00
1.000000000000000000e+02 6.000000000000000000e+02 -1.047197551196597631e+00
