2.120000000000000000e+02 1.100000000000000000e+02 -0.000000000000000000e+00
2.120000000000000000e+02 1.100000000000000000e+02 -0.000000000000000000e+00
2.120000000000000000e+02 1.100000000000000000e+02 -0.000000000000000000e+00
2.120000000000000000e+02 1.097911172044755403e+02 -0.000000000000000000e+00
2.120000000000000000e+02 1.089611275481623949e+02 -0.000000000000000000e+00
2.120000000000000000e+02 1.075100583388949360e+02 -0.000000000000000000e+00
2.120000000000000000e+02 1.054477775661596581e+02 -0.000000000000000000e+00
2.120000000000000000e+02 1.027839964324162878e+02 -0.000000000000000000e+00
2.121362183432331676e+02 9.954105211235844308e+01 9.105073116382396761e-03
2.125992643535738580e+02 9.579286823476084578e+01 3.685321412472224167e-02
2.135165218722124507e+02 9.164303830642417381e+01 8.546360699035633612e-02
2.150174771371382860e+02 8.721510408302566475e+01 1.557322570088409963e-01
2.172234119935822321e+02 8.265228127479365128e+01 2.473380265835310177e-01
2.202376263563735108e+02 7.811848151321106570e+01 3.591623183252491969e-01
2.241365138905469507e+02 7.379918167299361187e+01 4.895587506520803212e-01
2.289610660788821122e+02 6.990095256847475014e+01 6.365547805817525218e-01
2.347135988238995878e+02 6.661274141781285607e+01 7.965089703477261640e-01
2.414317970045808295e+02 6.359797092555793085e+01 9.442732607070060125e-01
2.490730744648273287e+02 6.081653202061520602e+01 1.070695789951447097e+00
2.575423591200712394e+02 5.834317453041903434e+01 1.175837998481842339e+00
2.667425549427039186e+02 5.619951644524455503e+01 1.261128185968989568e+00
2.765901071072585751e+02 5.437003571948535097e+01 1.328798973800701999e+00
2.870150356602055126e+02 5.289313803768484235e+01 1.386291925110004097e+00
2.979190520051056978e+02 5.237505722554012522e+01 1.466212700226201537e+00
3.093494782817608098e+02 5.247644109623465880e+01 1.533291375668799805e+00
3.212732374205795622e+02 5.300073295908056537e+01 1.582957340365650278e+00
3.336510739938946131e+02 5.386683155179365201e+01 1.619110703422997455e+00
3.464606302573469065e+02 5.500535360606203028e+01 1.645013295699707001e+00
3.596406965237532631e+02 5.659577351318334593e+01 1.677981822865256101e+00
3.729078956688534845e+02 5.954624634823807128e+01 1.756197070421855466e+00
3.859631335873507396e+02 6.425307166772343237e+01 1.868620910690267145e+00
3.984650541593974253e+02 7.093559056807288243e+01 2.004845147850621956e+00
4.100249975820481723e+02 7.968225959630788680e+01 2.157422183193126397e+00
4.202267092267323960e+02 9.045591341524790607e+01 2.321064422470647592e+00
4.286531355728117774e+02 1.030996798687270797e+02 2.492045644595640930e+00
4.349140956907537543e+02 1.173461666092154445e+02 2.667766007902056646e+00
4.386715098521189589e+02 1.328307352199357183e+02 2.846435483882115314e+00
4.402694324724833450e+02 1.491000334879422553e+02 2.993978419305444838e+00
4.407176315193793243e+02 1.654430345115292198e+02 3.084045969571139967e+00
4.404557486588250299e+02 1.816170492827192220e+02 3.138975212479256260e+00
4.398236646748204066e+02 1.975586966824856461e+02 3.169019525012588545e+00
4.399907060373003560e+02 2.132459081843045965e+02 3.136362073693599317e+00
4.417501233010862052e+02 2.284738847544781777e+02 3.052600203985074145e+00
4.453755874082957007e+02 2.429922666311938713e+02 2.937687330913502315e+00
4.509324437563676042e+02 2.565206804130590967e+02 2.803568646144289023e+00
4.583431820084130663e+02 2.687676233370656860e+02 2.657468201458778267e+00
4.674270482285155026e+02 2.794562743062504069e+02 2.503817367537737759e+00
4.779274546180403718e+02 2.883454024804946698e+02 2.345372131447819974e+00
4.895335468041367335e+02 2.952439492180632783e+02 2.183867793159725235e+00
5.018985968285591071e+02 3.000201432966149468e+02 2.020409028528147743e+00
5.146563202634791878e+02 3.026062504110827263e+02 1.855706084164700176e+00
5.274573299109329128e+02 3.030455097396044835e+02 1.693106570850956283e+00
5.402784686552040512e+02 3.021741486677261150e+02 1.571370167774545523e+00
5.529908860924500686e+02 3.005344147709010940e+02 1.488902385704406583e+00
5.655013338354676762e+02 2.983895680940310626e+02 1.432979581184420370e+00
5.778066415325612297e+02 2.960057945791263023e+02 1.400574006085186118e+00
5.900292863434069659e+02 2.943077425827893876e+02 1.423885633599479394e+00
6.020673007948391842e+02 2.938104691657956096e+02 1.491835704717840105e+00
6.137638475773196660e+02 2.947330790229880790e+02 1.589763039708171011e+00
6.251853698366890058e+02 2.966747955380674284e+02 1.678885203737573883e+00
6.364200464224430789e+02 2.991127351348280285e+02 1.741581298040584702e+00
6.474390420610949377e+02 3.018778004472538328e+02 1.785801427012475795e+00
6.581884572629976446e+02 3.049713297315948353e+02 1.825441891969648678e+00
6.685913041644856776e+02 3.085461455009350971e+02 1.869388719791548192e+00
6.787681014756196873e+02 3.123045379984716305e+02 1.900842682503449455e+00
6.887273331190287990e+02 3.161814089387835907e+02 1.924282089874044255e+00
6.982046764435401656e+02 3.206079122016489578e+02 1.973047087259593324e+00
7.072585238011038200e+02 3.260323482336034999e+02 2.051270634565624640e+00
7.163245064340608224e+02 3.323311099035447569e+02 2.126002628996984445e+00
7.248973632719842044e+02 3.398379350612927396e+02 2.224872419705852256e+00
7.328868350087175259e+02 3.485298932132184291e+02 2.332741881372226267e+00
7.397456017117974625e+02 3.585320689526768660e+02 2.463816124291315468e+00
7.451331329169538549e+02 3.697756617131663575e+02 2.611964339266528601e+00
7.487273375558055477e+02 3.820892765682986578e+02 2.772459166098450112e+00
7.502435551711357675e+02 3.952062748517043929e+02 2.941692767002922260e+00
7.494548076272193384e+02 4.087772564793698962e+02 3.116944278564807380e+00
7.462099628108337583e+02 4.223872071309414196e+02 3.296192232647601195e+00
7.404476894545653067e+02 4.355762107454629017e+02 3.477962203939211960e+00
7.322051405771437658e+02 4.478622634586798199e+02 3.661202206844853979e+00
7.216211196172367863e+02 4.587647068830973467e+02 3.845180954146229180e+00
7.089340180600850090e+02 4.678270096123201824e+02 4.029405701573931964e+00
6.944750950859596514e+02 4.746379172864023985e+02 4.213557111668252197e+00
6.819658780032633558e+02 4.781528464441494179e+02 4.362242073384144270e+00
6.756261541059819820e+02 4.789850216846363651e+02 4.446075497658894982e+00
6.723716326907124312e+02 4.790249204429700853e+02 4.499496022422055930e+00
6.705648246816840583e+02 4.788493197385216718e+02 4.537087405318183997e+00
6.694394714747187436e+02 4.786139211030154570e+02 4.566718707758099960e+00
6.686400394258181450e+02 4.783583609155115255e+02 4.592473978609252327e+00
6.679632917836892148e+02 4.781150842479956395e+02 4.615055695405728464e+00
6.673406509752379634e+02 4.778757101987354758e+02 4.636005102440183379e+00
6.667445676638018313e+02 4.776329508835964361e+02 4.656180540911187826e+00
6.661631515733160995e+02 4.773828590893080559e+02 4.675997317848076484e+00
6.655922766069861609e+02 4.771229196108292285e+02 4.695689502085037326e+00
6.650284518441453656e+02 4.768529195959758908e+02 4.715299858004756928e+00
6.644719512494391438e+02 4.765719093568247331e+02 4.734912194594291357e+00
6.639212763205060810e+02 4.762803982267392371e+02 4.754501289983021017e+00
6.633763954988013438e+02 4.759783801547656026e+02 4.774075676109784894e+00
6.628374041482726398e+02 4.756659089298795493e+02 4.793639284559081837e+00
6.623044544336928539e+02 4.753430689710251045e+02 4.813193938757953205e+00
6.617777232885953254e+02 4.750099613102898388e+02 4.832740495549932902e+00
6.611215411926715433e+02 4.745756399643414056e+02 4.857372139036044700e+00
6.600812821047006764e+02 4.738410429090351954e+02 4.897140969488043893e+00
6.586881864938332001e+02 4.727616237316693741e+02 4.951938427785351315e+00
6.569129197519301897e+02 4.713048659414925510e+02 5.018523847256632919e+00
6.546995405117207838e+02 4.694366535026597376e+02 5.091636085255224486e+00
6.518706149081076546e+02 4.672621021657521965e+02 5.153829720694957039e+00
6.487875581191307219e+02 4.651227132156423067e+02 5.192850152621882209e+00
6.455625504655963596e+02 4.631389077236620437e+02 5.209594607742630501e+00
6.421963312396439960e+02 4.613617616602342650e+02 5.206432506743256639e+00
6.383143320404852830e+02 4.596026059614754899e+02 5.187968740500918940e+00
6.338870379680802216e+02 4.576737958969421243e+02 5.168648700744767233e+00
6.289213406413169878e+02 4.555771861882135454e+02 5.150034470385766561e+00
6.234222910738470773e+02 4.533251763785445405e+02 5.132602418142583112e+00
6.173606885132182924e+02 4.510858897003741390e+02 5.106332672612397872e+00
6.106950115335835108e+02 4.493071121614055414e+02 5.051605318438229908e+00
6.034454086798805292e+02 4.480273640451441679e+02 4.981886140225713078e+00
5.955848059319982895e+02 4.469575247580149266e+02 4.921557378652852144e+00
5.871453065629740422e+02 4.460912552031917357e+02 4.870904695517268124e+00
5.781569484597363271e+02 4.454191173111319699e+02 4.829246974358948563e+00
5.686448964797104964e+02 4.449241597637469567e+02 4.795648068360189420e+00
5.586326811674352939e+02 4.446196440074049860e+02 4.766690759345501682e+00
5.482289196463168537e+02 4.451109306890435846e+02 4.708112328327264784e+00
5.376177109101150791e+02 4.468506578615056242e+02 4.616012157543823768e+00
5.270098222411729694e+02 4.500749450656969088e+02 4.498714623460683626e+00
5.162284967428308846e+02 4.544524267212120776e+02 4.395865545271213648e+00
5.051774759473889844e+02 4.596365152978752349e+02 4.320284614073149676e+00
4.938885803093362483e+02 4.654803708743473862e+02 4.265784177703655367e+00
4.823610143438643263e+02 4.718650883405323953e+02 4.227138055578191889e+00
4.712495589650921488e+02 4.783495200395869347e+02 4.198775367940252856e+00
4.617073068147482218e+02 4.849556603025769164e+02 4.140874502832442516e+00
4.527498731407836203e+02 4.928290904115146418e+02 4.046689591463514368e+00
4.447287612673457602e+02 5.020734135022072451e+02 3.925448171568326927e+00
4.379953955242272627e+02 5.126839364063069979e+02 3.784330851743897828e+00
4.327899967686425953e+02 5.245497033700936527e+02 3.634699637459292365e+00
4.284660317154705922e+02 5.374443218839671772e+02 3.521869767493448933e+00
4.248196936363891609e+02 5.507579349236829103e+02 3.445871154718685769e+00
4.216369743047580982e+02 5.641899736163991292e+02 3.398584327551390061e+00
4.178048584733282951e+02 5.778857842676859491e+02 3.413557729138713359e+00
4.125797004092142402e+02 5.914517741688945307e+02 3.484478523852000187e+00
4.055900033309447963e+02 6.045085829682684562e+02 3.593606620540860330e+00
3.966389750455440435e+02 6.166603180961587896e+02 3.728495490699564208e+00
3.856884111971020275e+02 6.274864566998486453e+02 3.880560418812848855e+00
3.728433342213895685e+02 6.365606156296397558e+02 4.043921216473934876e+00
3.583366980394332018e+02 6.434776479999941330e+02 4.214575413735526688e+00
3.425120827737661102e+02 6.478806023040706350e+02 4.389822552700279878e+00
3.257372872183815957e+02 6.503157261164575402e+02 4.526307803871435276e+00
3.087156962975259376e+02 6.516618942532123810e+02 4.608764581593720600e+00
2.912795407677832600e+02 6.523395444689360829e+02 4.659285258155332343e+00
2.734486656101632889e+02 6.525942170698318705e+02 4.689957907773536050e+00
2.552553983631144945e+02 6.525836558117217692e+02 4.708353433348747785e+00
2.367143087778974575e+02 6.524082944117840270e+02 4.719258872493456991e+00
2.178335626840087969e+02 6.521307637614090709e+02 4.725651843960530840e+00
1.986191475355027762e+02 6.517895369419208009e+02 4.729358641376647299e+00
1.790763592106237923e+02 6.514079499730152065e+02 4.731484917182824823e+00
1.592530447886957177e+02 6.504689491350643493e+02 4.761697294373311351e+00
1.394357545521240240e+02 6.474186809967773115e+02 4.856198628278980856e+00
1.200364348655575242e+02 6.416187479046443514e+02 4.988001865181063366e+00
1.015616491759207918e+02 6.327881559356162597e+02 5.140775760185316123e+00
8.465565192820781704e+01 6.209551109827441451e+02 5.304520962326964906e+00
7.019039977407132369e+01 6.066533586484586067e+02 5.471379061375830410e+00
5.855932073397367787e+01 5.903837247678911808e+02 5.639572134098751022e+00
5.001209324795061661e+01 5.726727410517395356e+02 5.808444434196512240e+00
4.469948921728666846e+01 5.540786170502209416e+02 5.977648499836263341e+00
4.267183103781788134e+01 5.351703850507279867e+02 6.146997958977724608e+00
4.388093764694798438e+01 5.165090516988160516e+02 6.316391524817750458e+00
4.818503002569836013e+01 4.986304893076571148e+02 6.485773312510477950e+00
5.535622182857154172e+01 4.820301044333174900e+02 6.655111901476666425e+00
6.509024907221275669e+01 4.671494568858755088e+02 6.824389176379597188e+00
7.701807238206475859e+01 4.543650411451002924e+02 6.993594321262449398e+00
9.071895272166895552e+01 4.439794256919852842e+02 7.162720556035731434e+00
1.056775027554472928e+02 4.358869507431400052e+02 7.313647475626154026e+00
1.211753131847187888e+02 4.289794425461382730e+02 7.406423872446968204e+00
1.367381539708842695e+02 4.226454681826051001e+02 7.449676402755328830e+00
1.516678058126818200e+02 4.155254135860665770e+02 7.413677043554197432e+00
1.654342856367730690e+02 4.070525502144341772e+02 7.325625768314207420e+00
1.776723092332516956e+02 3.970770414988828634e+02 7.206627683511346305e+00
1.880803346381144365e+02 3.856704996213281333e+02 7.069006013777608288e+00
1.964113902821038664e+02 3.730486499744161506e+02 6.920040569714734247e+00
2.024809834482076951e+02 3.595191468585691155e+02 6.764096028356465951e+00
2.061747748853293274e+02 3.454447952138708047e+02 6.603826024509083403e+00
2.081536207892168591e+02 3.310840468316816327e+02 6.476399603763694834e+00
2.092314983137866022e+02 3.166776388923767627e+02 6.394241629559238582e+00
2.097175257631091938e+02 3.023933758488788044e+02 6.341179588384635579e+00
2.098237440050995701e+02 2.880187116235794065e+02 6.306186970607885023e+00
2.096708845932773215e+02 2.732251547835272163e+02 6.282702821676979354e+00
2.093339225535303854e+02 2.580293379633206428e+02 6.267156915101240067e+00
2.088666244153464220e+02 2.424414104174032900e+02 6.257001270746582300e+00
2.083198521024558261e+02 2.268260547794438651e+02 6.250570691205869167e+00
2.077330895467811160e+02 2.114601336627004287e+02 6.246561112663129300e+00
2.071256963925423520e+02 1.963393503779562366e+02 6.244042375476415607e+00
2.065093845428057477e+02 1.814595004121924546e+02 6.242448510882594448e+00
2.058912685261591378e+02 1.668165248931365454e+02 6.241432607925862186e+00
2.052756792063082401e+02 1.524065017600174485e+02 6.240780479413330362e+00
2.046806204745578270e+02 1.382252065201575419e+02 6.241457099753491278e+00
2.048712099290614788e+02 1.243026627523824033e+02 6.282946937665171205e+00
2.065135010295706479e+02 1.108139896842913856e+02 6.367632696782763446e+00
2.097986577122110248e+02 9.797729221941060018e+01 6.480030535350177701e+00
2.147630290069961063e+02 8.603292175034914635e+01 6.610394198941219379e+00
2.213317582800804075e+02 7.522816437274826740e+01 6.752532769640543719e+00
2.293466755312426244e+02 6.579741170579940501e+01 6.902462230171711788e+00
2.387469474422221936e+02 5.782381767221721702e+01 7.059985530495530348e+00
2.496613125911255224e+02 5.134132502930434327e+01 7.227118819279050754e+00
2.618907943036643360e+02 4.668528507294556107e+01 7.401093045020322059e+00
2.751392358476288678e+02 4.416013929454615550e+01 7.579713509764880897e+00
2.889935641367874837e+02 4.374100988135882062e+01 7.744681019182207748e+00
3.029373041205387835e+02 4.450028641896759041e+01 7.855548530258521289e+00
3.167358050972878232e+02 4.601199858300001466e+01 7.928188502647239844e+00
3.303113429073305269e+02 4.799951475636618881e+01 7.975906810602043429e+00
3.436460245503704414e+02 5.027935700988017231e+01 8.007406410228945504e+00
3.566038100326344988e+02 5.317466839886462537e+01 8.054637738176545270e+00
3.688550124201835843e+02 5.736804211540853515e+01 8.141430887578067654e+00
3.801647670526388083e+02 6.297128482849866060e+01 8.254079795905150618e+00
3.903063267658338873e+02 6.995935409340174260e+01 8.383800844362186311e+00
3.990682472667373304e+02 7.820895737873995301e+01 8.524913451501825890e+00
4.062671377771122820e+02 8.752553725520921546e+01 8.673697201010444502e+00
4.120081203059127120e+02 9.766916024616823222e+01 8.815396038843728022e+00
4.171858028416162938e+02 1.086903267168408433e+02 8.920444241244462447e+00
4.219769296898404605e+02 1.204981621423774527e+02 8.996237194380135804e+00
4.264737689641692668e+02 1.329504376844476496e+02 9.049914075519737366e+00
4.307693347784146454e+02 1.459548487729928183e+02 9.087311822191363575e+00
4.349433802325763736e+02 1.594518394436396989e+02 9.112978994388218013e+00
4.390589286218980760e+02 1.734021672723369534e+02 9.130346354463137359e+00
4.431633252702534946e+02 1.877789722773389940e+02 9.141937886737915520e+00
4.472908428316544018e+02 2.025629857163779093e+02 9.149572098416212995e+00
4.514655193576340935e+02 2.177396829310923465e+02 9.154535005933404079e+00
4.557037023057950478e+02 2.332975786700633023e+02 9.157720463071992612e+00
4.600161342230453556e+02 2.492271834099736907e+02 9.159739648247423816e+00
4.648308410954386432e+02 2.653802353113109689e+02 9.135905044959645949e+00
4.713325296650328369e+02 2.812131692191226193e+02 9.052615821122790507e+00
4.799674333412219767e+02 2.962636349216986105e+02 8.931331720572741162e+00
4.909132029247984974e+02 3.100583862152241750e+02 8.786534547513513260e+00
5.041423419398796568e+02 3.221095995566839747e+02 8.627319178046175097e+00
5.194584030720870942e+02 3.319434773394511353e+02 8.459375482168168148e+00
5.365261604670563429e+02 3.391318383622075316e+02 8.286243975879548529e+00
5.548994190087740890e+02 3.433188238466281632e+02 8.110109158727720313e+00
5.740379856555027800e+02 3.442413593327140120e+02 7.932393347057915101e+00
5.930964211289683590e+02 3.421633653632284222e+02 7.777228593469562412e+00
6.118677601669676278e+02 3.386350732626046920e+02 7.687672349786458526e+00
6.302572388369112559e+02 3.343709074775953241e+02 7.637432056114644041e+00
6.484273683159689199e+02 3.303923204151050754e+02 7.644573239105451279e+00
6.665107283558210156e+02 3.281918352088572988e+02 7.721381352724673519e+00
6.843155009041117864e+02 3.283090888493793500e+02 7.837160909104325945e+00
7.015364955204153148e+02 3.309611219739086323e+02 7.975010238514011363e+00
7.178015380666794272e+02 3.361615104016449891e+02 8.125525654558158450e+00
7.327231023962489189e+02 3.437802305992231595e+02 8.283391437115321665e+00
7.459358972511253114e+02 3.535798992061688750e+02 8.445557277638590321e+00
7.571217588096478721e+02 3.652421863820005683e+02 8.610249621022697752e+00
7.660254462818775210e+02 3.783895466121401796e+02 8.776425171817747284e+00
7.724640843502702410e+02 3.926043260882029813e+02 8.943463631255275104e+00
7.762394250657961265e+02 4.069493224687077486e+02 9.105534420379639116e+00
7.771484096146335787e+02 4.151728379018821897e+02 9.204217853869744559e+00
7.771044650053319174e+02 4.188916864843825465e+02 9.259467839840610281e+00
7.769111899137575392e+02 4.205274925378641910e+02 9.290845026569536813e+00
7.767550099561026400e+02 4.212284236207569847e+02 9.308239815402242101e+00
7.766578164885517026e+02 4.215223647879914211e+02 9.317498498769621662e+00
7.765639536496994424e+02 4.217744521970728329e+02 9.326028704140206571e+00
7.764161188332745951e+02 4.221668862652813345e+02 9.339145771635699589e+00
7.762224164091126113e+02 4.226549972844922536e+02 9.355669904487168509e+00
7.760003020445435595e+02 4.231886444264038687e+02 9.373836747485174925e+00
7.757591820444926043e+02 4.237411635158008494e+02 9.392729091687114007e+00
7.755029397940793388e+02 4.242990948725575890e+02 9.411969517347031911e+00
7.752337961302552003e+02 4.248566792757878829e+02 9.431365835140356424e+00
7.749528704600464835e+02 4.254111797026620820e+02 9.450829785409348816e+00
7.745262595171349176e+02 4.262046686177490642e+02 9.479103545084671012e+00
7.738268423596832690e+02 4.274117443932901210e+02 9.522608629223110910e+00
7.728034789025928148e+02 4.289864246983393059e+02 9.581301053462148332e+00
7.713976512112488990e+02 4.308824133611572620e+02 9.654566836417732389e+00
7.695363924513951588e+02 4.330170962720123384e+02 9.742350081206820889e+00
7.671470052360735963e+02 4.352831224350752564e+02 9.844605839301738825e+00
7.641648327708273882e+02 4.375676651945365165e+02 9.960556784992281365e+00
7.605381965735988388e+02 4.397163884187175427e+02 1.008986193744360094e+01
7.562473014144252375e+02 4.415259164028222472e+02 1.023287030765410144e+01
7.513103060775111999e+02 4.427938278876635536e+02 1.038904476416996836e+01
7.458141873260624379e+02 4.432717432873664052e+02 1.055894379591990884e+01
7.396348828934610538e+02 4.430861057061909491e+02 1.072678598226115376e+01
7.329363224516049513e+02 4.425365209595533997e+02 1.086223586479149539e+01
7.256559272812829704e+02 4.420579828563217006e+02 1.094435636307410142e+01
7.176772645957663599e+02 4.416279856468621006e+02 1.099175307616949482e+01
7.091780762011215984e+02 4.409590714611314866e+02 1.103095065596849622e+01
7.001809267708086963e+02 4.400561716705278741e+02 1.106314268625542319e+01
6.907016826941661520e+02 4.389365989296275075e+02 1.108908216015922221e+01
6.807528353390474649e+02 4.376195701930539599e+02 1.110960649514647258e+01
6.703442712808747501e+02 4.361245011866715231e+02 1.112556475469796879e+01
6.594319540321059776e+02 4.349573652287022014e+02 1.110945092189333749e+01
6.480826976386335900e+02 4.347840424554618153e+02 1.104883952753682053e+01
6.362823777575388249e+02 4.353313837263401638e+02 1.098854652833947299e+01
6.240183911536747701e+02 4.362872629171312155e+02 1.094447926218976619e+01
6.113209643968614273e+02 4.375701390629845378e+02 1.091279438272816549e+01
5.982064901231474323e+02 4.391127847524630852e+02 1.089036094830852086e+01
5.846841669610070085e+02 4.408619898998114195e+02 1.087471022511509844e+01
5.707598677647528120e+02 4.427767923637176182e+02 1.086394614385918445e+01
5.564382066908730167e+02 4.448263087031393752e+02 1.085664505710258787e+01
5.417235406717619526e+02 4.469876386918934941e+02 1.085175961051503180e+01
5.266406720484521884e+02 4.493484668885560609e+02 1.084159224187805393e+01
5.114801083811836975e+02 4.529469715808201045e+02 1.077924424222812760e+01
4.966176171254164728e+02 4.584242181459196672e+02 1.067376828841817016e+01
4.824446753632162199e+02 4.660726607233005439e+02 1.054020500579413699e+01
4.693978138829541535e+02 4.760019156157272278e+02 1.038852912288718144e+01
4.579374534131850396e+02 4.881616697329793055e+02 1.022531461979670198e+01
4.481907957060865897e+02 5.022657429388962100e+02 1.007329240157457839e+01
4.393727726972897472e+02 5.174144824021846034e+02 9.978458380086163260e+00
4.311699471645653716e+02 5.331106169695335666e+02 9.921725346181117899e+00
4.232321740340358929e+02 5.493730165966487675e+02 9.887571903395569350e+00
4.149731880962132209e+02 5.658696787205595911e+02 9.894460667996906267e+00
4.050846480375057581e+02 5.817409548415323570e+02 9.971958066189374748e+00
3.931013856989840178e+02 5.963698886438098725e+02 1.009218692030289866e+01
3.788966156648509127e+02 6.092058011418565684e+02 1.023752123661072844e+01
3.625899436904664412e+02 6.197328478691609916e+02 1.039749418083538401e+01
3.444870879443320746e+02 6.274900727773142535e+02 1.056590769521774398e+01
3.250327194647748001e+02 6.320969474951823486e+02 1.073910777280972084e+01
3.047639268771874299e+02 6.332967818916245051e+02 1.091337315765529858e+01
2.840498980184509605e+02 6.321414539826737382e+02 1.103186440544826397e+01
2.631287596829733957e+02 6.303924291940745661e+02 1.106553527249580249e+01
2.418685714973842664e+02 6.302429374654374215e+02 1.100283460017814008e+01
2.204300244306365926e+02 6.321594562176394447e+02 1.091769475825798708e+01
1.987311198539517818e+02 6.350007377715377288e+02 1.087141167628674054e+01
1.767558850509488764e+02 6.380817556795524297e+02 1.086308303031128020e+01
1.543982606225399081e+02 6.393952988336644694e+02 1.093768365809509824e+01
1.319044714584970279e+02 6.377992195964832263e+02 1.106194085884556166e+01
1.099216090215647625e+02 6.328215569798128399e+02 1.121089713258300335e+01
8.910786263856292067e+01 6.243687314815537093e+02 1.137221487007687770e+01
7.027928056137506019e+01 6.127259258897191785e+02 1.153816861121882198e+01
5.397193874949270764e+01 5.983104173777272763e+02 1.170616835488057106e+01
4.058192965106999139e+01 5.816128083911668227e+02 1.187517027205663034e+01
3.040801728808999727e+01 5.631859988392732248e+02 1.204465112127985194e+01
2.364450631861247132e+01 5.436210660253864262e+02 1.221434523057416577e+01
2.037866731234312923e+01 5.235256769131528927e+02 1.238411589010856240e+01
2.059180906319834037e+01 5.035042034326513090e+02 1.255389168974283010e+01
2.416352867292111739e+01 4.841393523783804085e+02 1.272363464086255291e+01
3.087880215563041020e+01 4.659754309354659085e+02 1.289332403732283261e+01
4.043758476929471612e+01 4.495034973989405103e+02 1.306294819715424183e+01
5.246655350038901844e+01 4.351486755256709671e+02 1.323250019261082144e+01
6.653257975107275968e+01 4.232598848476355329e+02 1.340197561969717022e+01
8.215748313461659791e+01 4.141021830657833789e+02 1.357137142121454509e+01
9.883359316759474211e+01 4.078518446139885896e+02 1.374068525943569874e+01
1.160396364428222142e+02 4.045942202685372990e+02 1.390991517832349444e+01
1.332564727161417295e+02 4.043243419052632248e+02 1.407905941973877617e+01
1.501547593146603958e+02 4.065957815547885161e+02 1.422608249084542464e+01
1.670841978182611456e+02 4.090186844770065022e+02 1.426155482242474370e+01
1.838612762197135169e+02 4.101912596104159547e+02 1.421447937694136243e+01
2.002780199401293828e+02 4.094915708809720059e+02 1.411906755608886144e+01
2.160778834330396592e+02 4.066410079018435226e+02 1.399514814204826507e+01
2.309486846368536703e+02 4.015772736667075833e+02 1.385420202719917171e+01
2.445580194123334081e+02 3.943863536152663301e+02 1.370296455208796615e+01
2.558560655688008865e+02 3.858942857830014646e+02 1.355537179441691187e+01
2.610778411459122594e+02 3.806723828014299897e+02 1.346766906546390175e+01
2.631303359284323165e+02 3.780716537474031043e+02 1.341774685762027275e+01
2.639137415762285173e+02 3.768339806937483445e+02 1.338930341554489800e+01
2.641985709978981731e+02 3.762636651336950990e+02 1.337355136366084274e+01
2.643283578362767230e+02 3.759168285386959951e+02 1.336218215796039033e+01
2.644911445248586119e+02 3.754495753800149487e+02 1.334668845923016178e+01
2.646670433946352432e+02 3.749138762442398729e+02 1.332897958690578655e+01
2.648421800816183804e+02 3.743447136301193723e+02 1.331025250534176685e+01
2.650104986935832017e+02 3.737582840676925002e+02 1.329106207376936943e+01
2.651693094029567419e+02 3.731621844533582930e+02 1.327166320347844497e+01
2.653174043839205183e+02 3.725600433483810434e+02 1.325217287432547764e+01
2.654542265298034636e+02 3.719536565231724694e+02 1.323264473905232030e+01
2.655795044891134467e+02 3.713439733973048078e+02 1.321310339267203915e+01
2.656930931536041953e+02 3.707315529188251162e+02 1.319356009890857884e+01
2.657949042561060082e+02 3.701167742226613200e+02 1.317402000502691628e+01
2.658837076643513910e+02 3.695005913805669024e+02 1.315444183547525547e+01
2.659606529639418682e+02 3.688826582311728544e+02 1.313487024126260216e+01
2.660257026343213056e+02 3.682632158685586319e+02 1.311530568748114867e+01
2.660788250500082768e+02 3.676424979302259430e+02 1.309574836656608987e+01
2.661199935294813486e+02 3.670207349241125030e+02 1.307619834629104716e+01
2.661491859407747711e+02 3.663981561832603120e+02 1.305665563755953151e+01
2.661663845432422590e+02 3.657749907252304524e+02 1.303712022546634586e+01
2.661715759281700002e+02 3.651514676060295983e+02 1.301759208353183084e+01
2.661647509998643955e+02 3.645278160407871724e+02 1.299807118022436292e+01
2.661448693059508059e+02 3.639051157957775331e+02 1.297851381540811744e+01
2.661130032720766962e+02 3.632827924647825739e+02 1.295896360704157324e+01
2.660681320624433397e+02 3.626619366446309414e+02 1.293937745495837710e+01
2.660113012237463295e+02 3.620419264121769061e+02 1.291979898339547539e+01
2.659425249315150950e+02 3.614229901005580246e+02 1.290022815051059091e+01
2.658618216566200090e+02 3.608053558432799264e+02 1.288066491497366428e+01
2.657692141637544978e+02 3.601892514962089535e+02 1.286110923598567801e+01
2.656647295085335827e+02 3.595749045590586093e+02 1.284156107328226604e+01
2.655483990331961195e+02 3.589625420966410729e+02 1.282202038713045411e+01
2.654202583609070416e+02 3.583523906600268560e+02 1.280248713832227736e+01
2.652794969336975441e+02 3.577457124485759437e+02 1.278291764740936998e+01
2.651270549700326455e+02 3.571417348211789999e+02 1.276335550195958035e+01
2.649629821554996738e+02 3.565406808160640821e+02 1.274380066514034304e+01
2.647873323761370443e+02 3.559427726058687540e+02 1.272425310061164794e+01
2.646001637047244230e+02 3.553482314202813654e+02 1.270471277251758657e+01
2.644015383856961421e+02 3.547572774688520667e+02 1.268517964547800148e+01
2.641907857204731158e+02 3.541712490417391450e+02 1.266561027444995524e+01
2.639687260156634352e+02 3.535892533586012405e+02 1.264604863191324924e+01
2.637354341644533520e+02 3.530115071515202203e+02 1.262649467494109778e+01
2.634909891637221904e+02 3.524382258142686624e+02 1.260694836117956541e+01
2.632348415577166634e+02 3.518708058517240147e+02 1.258736603540877397e+01
2.629677632426681839e+02 3.513083059228264915e+02 1.256779125404470676e+01
2.626898463375090387e+02 3.507509352327396641e+02 1.254822397725961558e+01
2.624011869169574993e+02 3.501989013184358441e+02 1.252866416576136821e+01
2.621018849829052897e+02 3.496524099753917199e+02 1.250911178078437302e+01
2.617920444344870816e+02 3.491116651847231651e+02 1.248956678408066878e+01
2.614717730368379307e+02 3.485768690407834356e+02 1.247002913791107659e+01
2.611411823885448484e+02 3.480482216792473764e+02 1.245049880503646023e+01
2.608003878877956936e+02 3.475259212057026730e+02 1.243097574870914279e+01
2.604526608524452058e+02 3.470013846314755597e+02 1.241176533022417594e+01
2.600979861931523942e+02 3.464748434229649661e+02 1.239286702113775007e+01
2.597363611636262135e+02 3.459465237601982608e+02 1.237428001319383064e+01
2.593677946479862726e+02 3.454166460667523211e+02 1.235600323314040239e+01
2.589923064464051095e+02 3.448854246027181603e+02 1.233803535741557589e+01
2.586219864861355404e+02 3.443209278183144306e+02 1.232174003644526117e+01
2.582771084665423587e+02 3.436898592540216555e+02 1.230905200209621064e+01
2.579653801556525536e+02 3.430054988325310887e+02 1.230018323805866487e+01
2.576789818619142238e+02 3.422926569079755836e+02 1.229399055377401417e+01
2.573905130318651686e+02 3.415796699009896429e+02 1.228799000601470581e+01
2.570993401090196926e+02 3.408671477755775641e+02 1.228211934833509211e+01
2.568055235401232608e+02 3.401551027654816153e+02 1.227637589632670334e+01
2.565091226550771921e+02 3.394435458565539534e+02 1.227075701283649600e+01
2.562101956663572082e+02 3.387324868535765745e+02 1.226526010768203712e+01
2.559087996704922716e+02 3.380219344443647174e+02 1.225988263732670980e+01
2.556049906514177792e+02 3.373118962612180098e+02 1.225462210451843070e+01
2.552988234855283451e+02 3.366023789397851829e+02 1.224947605789530947e+01
2.549903519482701597e+02 3.358933881754128379e+02 1.224444209156132146e+01
2.546796287221206967e+02 3.351849287770479577e+02 1.223951784463499237e+01
2.543667054058160204e+02 3.344770047187689670e+02 1.223470100077380351e+01
2.540516325246956058e+02 3.337696191890162822e+02 1.222998928767691851e+01
2.537550957066266335e+02 3.330493766586489528e+02 1.222706539411768034e+01
2.535082018391192946e+02 3.323076386699271438e+02 1.222806287788870527e+01
2.532925133333117174e+02 3.315590432582090443e+02 1.223119984471805033e+01
2.530781675454935851e+02 3.308098944993097916e+02 1.223426776357742085e+01
2.528651375031168982e+02 3.300602101266584327e+02 1.223726813613191666e+01
2.526482736077437039e+02 3.293108383655767284e+02 1.223983850280189500e+01
2.523883361480088752e+02 3.285732662955580849e+02 1.223915189521218672e+01
2.521111190451080404e+02 3.278427525287748381e+02 1.223721973482059511e+01
2.518330436264214711e+02 3.271124995147305867e+02 1.223533026600086693e+01
2.515541294713245577e+02 3.263825037335342927e+02 1.223348254971258520e+01
2.512668348143191110e+02 3.256570140254493708e+02 1.223107005324982133e+01
2.509365981762189506e+02 3.249621791205677823e+02 1.222524844062224858e+01
2.505849115269982406e+02 3.242858527718698269e+02 1.221791084609680134e+01
2.502299751198294189e+02 3.236102358315707761e+02 1.221073023194234253e+01
2.498673684564689665e+02 3.229269137178200140e+02 1.220361646893938179e+01
2.493073695353373296e+02 3.218842614961724280e+02 1.219303662502640151e+01
2.484497507489839734e+02 3.203153758110739204e+02 1.217772600974386599e+01
2.472843171972356515e+02 3.182329681423235002e+02 1.215849494512871054e+01
2.458974068239674011e+02 3.155661833540556245e+02 1.214469937779024100e+01
2.444457653775863548e+02 3.122611370680063487e+02 1.214685415450699857e+01
2.430409828298890318e+02 3.083445388894725738e+02 1.216681753478042616e+01
2.415527390615343677e+02 3.038603918029144211e+02 1.218998596074388807e+01
2.399553179364590108e+02 2.988187429112443851e+02 1.221242905607055285e+01
2.382630083345656260e+02 2.932251927033778429e+02 1.223354890940773032e+01
2.364870287712295180e+02 2.870868115283506654e+02 1.225290756270867654e+01
2.346832225609785212e+02 2.804051947999549839e+02 1.227349005295983098e+01
2.331324349797722277e+02 2.731537344444435007e+02 1.230865298440013156e+01
2.316340520992677341e+02 2.653511303779871469e+02 1.233928776061224930e+01
2.301791221267645540e+02 2.570129273096937368e+02 1.236501073483224289e+01
2.287622524699163193e+02 2.481537654608900425e+02 1.238618808566728369e+01
2.273752566932353432e+02 2.387871553047022246e+02 1.240329793356131205e+01
2.260084499574316794e+02 2.289254132275457891e+02 1.241687388468007569e+01
2.246516958668447046e+02 2.185797481990962012e+02 1.242745972366474305e+01
2.232951812120467139e+02 2.077604160780302607e+02 1.243557600404080077e+01
2.219299338157991883e+02 1.964768873986660651e+02 1.244169786060223970e+01
2.205481203985803234e+02 1.847379997500190711e+02 1.244624249342048472e+01
2.191431705902356839e+02 1.725520835692731225e+02 1.244956435326117372e+01
2.177097740310051108e+02 1.599270604832566960e+02 1.245195598097103939e+01
2.162437931630319667e+02 1.468705180754665776e+02 1.245365260957007614e+01
2.147421272285896521e+02 1.333897662513669218e+02 1.245483893092610117e+01
2.132025549121140671e+02 1.194918799399435443e+02 1.245565678059999293e+01
